0.12849741371751 0.171352361551125 0.145023508997415 0.0932468631919984 0.0549376979400627 0.406942154601889
0.17849741371751 0.131352361551125 0.0050235089974149 0.213246863191998 0.114937697940063 0.356942154601889
0.20849741371751 0.0913523615511249 0.0050235089974149 0.273246863191999 0.194937697940063 0.226942154601889
0.20849741371751 0.061352361551125 0.0450235089974149 0.293246863191999 0.184937697940063 0.206942154601889
0.10849741371751 0.00135236155112493 0.0050235089974149 0.353246863191999 0.304937697940063 0.226942154601889
0.0284974137175097 0.00135236155112493 0.0050235089974149 0.353246863191999 0.364937697940063 0.246942154601889
0.0084974137175097 0.0113523615511249 0.0050235089974149 0.403246863191999 0.344937697940063 0.226942154601889
0.0584974137175097 0.00135236155112493 0.0050235089974149 0.413246863191999 0.354937697940063 0.166942154601889
0.0184974137175097 0.0613523615511249 0.0050235089974149 0.343246863191999 0.414937697940063 0.156942154601889
0.0084974137175097 0.00135236155112493 0.0050235089974149 0.393246863191999 0.374937697940063 0.216942154601889
