0.729087922349307 0.676027500174625 0.657173218299536 0.668820115350416 0.707075666786146 0.545933753720103 0.292924333213854 0.270912077650694 0.323972499825375 0.342826781700464 0.331179884649584 0.308877738729402 0.454066246279897 0.691122261270598
0.823464725220883 0.729132947501741 0.756840463549829 0.821204224258937 0.766023450744947 0.608406316950701 0.233976549255053 0.176535274779117 0.270867052498259 0.243159536450171 0.178795775741063 0.29251516951322 0.391593683049299 0.70748483048678
0.861761726827506 0.744006832920064 0.816924845997936 0.859556822462021 0.753344133063622 0.730938965566579 0.246655866936378 0.138238273172494 0.255993167079936 0.183075154002064 0.140443177537979 0.303662730178916 0.269061034433421 0.696337269821084
0.88795296144301 0.769735926454112 0.860085613362315 0.868024389105679 0.786567501993395 0.770875168289271 0.213432498006605 0.11204703855699 0.230264073545888 0.139914386637685 0.131975610894321 0.298184529327732 0.229124831710729 0.701815470672268
0.877611113176951 0.82383078806928 0.877037648333529 0.875469252135555 0.683206165756271 0.745707435142248 0.316793834243729 0.122388886823049 0.17616921193072 0.122962351666471 0.124530747864445 0.359345184557152 0.254292564857752 0.640654815442848
0.890903178804387 0.878714296317421 0.890349893830906 0.888835516741028 0.638131079692602 0.743233461914815 0.361868920307398 0.109096821195613 0.121285703682579 0.109650106169094 0.111164483258972 0.350609041801385 0.256766538085185 0.649390958198615
0.920561450816021 0.917462780269077 0.916397241801155 0.91874265254382 0.681311456497053 0.792158123687903 0.318688543502947 0.079438549183979 0.0825372197309227 0.0836027581988448 0.0812573474561804 0.383648565858337 0.207841876312097 0.616351434141663
0.913725805504083 0.889327700571462 0.913221285289155 0.911838219140451 0.664785557699089 0.828073239697444 0.335214442300911 0.0862741944959172 0.110672299428538 0.0867787147108452 0.0881617808595494 0.399038059567696 0.171926760302556 0.600961940432304
0.913725805504083 0.906590025821593 0.887994428530977 0.911838219140451 0.599046572470321 0.834689328149367 0.400953427529679 0.0862741944959173 0.093409974178407 0.112005571469023 0.0881617808595495 0.323031520907124 0.165310671850633 0.676968479092876
0.919086532784534 0.91596175119429 0.918596412566991 0.917252254069096 0.647439425547348 0.798293254416773 0.352560574452652 0.080913467215466 0.0840382488057102 0.0814035874330086 0.0827477459309035 0.373128141244799 0.201706745583227 0.626871858755201
